# Leaderboard
최종 업데이트: 2020년 12월 11일 03시 46분




| 참가자 | 순위 | 경기수 | 승 | 무 | 패 | 승점 |
|:---:|:---:|:---:|:---:|:---:|:---:|:---:|
| 👑@chxhyxn | 1 | 51 | 51 | 0 | 0 | 153 |
| **I'm not 1st**@NepleDev | 2 | 51 | 49 | 0 | 2 | 147 |
| @L-HK | 3 | 51 | 48 | 1 | 2 | 145 |
| newbie@gh-BumsooKim | 4 | 51 | 48 | 0 | 3 | 144 |
| 아 햄스터 너무 귀엽다@rakbin007 | 5 | 51 | 46 | 1 | 4 | 139 |
| JongGang@michael01924 | 6 | 51 | 42 | 0 | 9 | 126 |
| I love Yale@RubADuckDuck | 7 | 51 | 41 | 2 | 8 | 125 |
| HUNGRY@sseong-mi | 8 | 51 | 41 | 1 | 9 | 124 |
| NOTEZ@nsssslllp | 9 | 51 | 41 | 1 | 9 | 124 |
| CheckMate@imyoumin | 10 | 51 | 40 | 2 | 9 | 122 |
| SUPERULTRACAPSSHONGZZANG@dudcodi | 11 | 51 | 39 | 0 | 12 | 117 |
| KakaoBears@MaSeongHwan | 12 | 51 | 38 | 2 | 11 | 116 |
| junghu@songjunghu | 13 | 51 | 37 | 1 | 13 | 112 |
| EZ_PZ@TheAyzr | 14 | 51 | 37 | 1 | 13 | 112 |
| Roster@StackOut-K1m | 15 | 51 | 36 | 2 | 13 | 110 |
| Vvs@artech2w | 16 | 51 | 30 | 3 | 18 | 93 |
| LittleLyrical@ArfiTech | 17 | 51 | 30 | 0 | 21 | 90 |
| tresed@dnalsitresed | 18 | 51 | 28 | 6 | 17 | 90 |
| HSJTEAM@hsj1128 | 19 | 51 | 29 | 2 | 20 | 89 |
| Adventurer@Imhanbin123 | 20 | 51 | 28 | 3 | 20 | 87 |
| ChaBB@suewcho | 21 | 51 | 27 | 2 | 22 | 83 |
| EZ@CDoubleH | 22 | 51 | 17 | 32 | 2 | 83 |
| chungang@suhwan01 | 23 | 51 | 24 | 6 | 21 | 78 |
| Yabeunosem@minju8843 | 24 | 51 | 22 | 7 | 22 | 73 |
| Chess@rex0053 | 25 | 51 | 21 | 9 | 21 | 72 |
| Hangeul@dazzsoj | 26 | 51 | 23 | 1 | 27 | 70 |
| WinWin@ychaaaan | 27 | 51 | 21 | 7 | 23 | 70 |
| YonyT@alqmzhh92 | 28 | 51 | 20 | 10 | 21 | 70 |
| Numseil@Jeon-Minjeong | 29 | 51 | 20 | 3 | 28 | 63 |
| ddubiddubap@wkdgnl123 | 30 | 51 | 17 | 10 | 24 | 61 |
| SH_Team@sihumji00 | 31 | 51 | 16 | 10 | 25 | 58 |
| SpongeBob@sunjooahn | 32 | 51 | 16 | 8 | 27 | 56 |
| Stop@lkm778u | 33 | 51 | 16 | 8 | 27 | 56 |
| XjaesugangX@sally1924 | 34 | 51 | 15 | 10 | 26 | 55 |
| True_Damage@maritajee | 35 | 51 | 16 | 7 | 28 | 55 |
| AGANG@jbr1tr | 36 | 51 | 16 | 6 | 29 | 54 |
| ionia@munyoubin | 37 | 51 | 15 | 7 | 29 | 52 |
| HICPT@seanlee5808 | 38 | 51 | 15 | 3 | 33 | 48 |
| BBIBBI@Eunyoung1223 | 39 | 51 | 13 | 3 | 35 | 42 |
| KHH@kimhh2880 | 40 | 51 | 11 | 4 | 36 | 37 |
| MyTeam@yjh9929 | 41 | 51 | 11 | 2 | 38 | 35 |
| coronaxxx@pjmkjjpk | 42 | 51 | 11 | 0 | 40 | 33 |
| dbsepf@skdbs | 43 | 51 | 9 | 3 | 39 | 30 |
| COINCIDENCE@tjgus6745 | 44 | 51 | 8 | 3 | 40 | 27 |
| aabbccdd@JIMINOFF | 45 | 51 | 8 | 2 | 41 | 26 |
| RainbOw@HARY020 | 46 | 51 | 3 | 17 | 31 | 26 |
| PuangTeam@Namkyunghun | 47 | 51 | 6 | 4 | 41 | 22 |
| 😎@dwgoon | 48 | 51 | 4 | 3 | 44 | 15 |
| MyTeam@bigoriginlee | 49 | 51 | 3 | 5 | 43 | 14 |
| MyTeam@jinupotato | 50 | 51 | 2 | 5 | 44 | 11 |
| 도곡동 솜주먹@smjeon2410 | 51 | 51 | 1 | 7 | 43 | 10 |
| Prism@eunyoungyi | 52 | 51 | 1 | 6 | 44 | 9 |