# Leaderboard
최종 업데이트: 2020년 12월 11일 03시 55분




| 참가자 | 순위 | 경기수 | 승 | 무 | 패 | 승점 |
|:---:|:---:|:---:|:---:|:---:|:---:|:---:|
| 👑@chxhyxn | 1 | 49 | 49 | 0 | 0 | 147 |
| @L-HK | 2 | 49 | 46 | 2 | 1 | 140 |
| **I'm not 1st**@NepleDev | 3 | 49 | 46 | 1 | 2 | 139 |
| newbie@gh-BumsooKim | 4 | 49 | 46 | 0 | 3 | 138 |
| 아 햄스터 너무 귀엽다@rakbin007 | 5 | 49 | 44 | 1 | 4 | 133 |
| CheckMate@imyoumin | 6 | 49 | 40 | 1 | 8 | 121 |
| I love Yale@RubADuckDuck | 7 | 49 | 39 | 2 | 8 | 119 |
| HUNGRY@sseong-mi | 8 | 49 | 39 | 1 | 9 | 118 |
| NOTEZ@nsssslllp | 9 | 49 | 39 | 1 | 9 | 118 |
| JongGang@michael01924 | 10 | 49 | 39 | 0 | 10 | 117 |
| SUPERULTRACAPSSHONGZZANG@dudcodi | 11 | 49 | 36 | 0 | 13 | 108 |
| KakaoBears@MaSeongHwan | 12 | 49 | 34 | 4 | 11 | 106 |
| EZ_PZ@TheAyzr | 13 | 49 | 35 | 0 | 14 | 105 |
| Roster@StackOut-K1m | 14 | 49 | 34 | 1 | 14 | 103 |
| junghu@songjunghu | 15 | 49 | 34 | 0 | 15 | 102 |
| Vvs@artech2w | 16 | 49 | 29 | 2 | 18 | 89 |
| Adventurer@Imhanbin123 | 17 | 49 | 28 | 4 | 17 | 88 |
| HSJTEAM@hsj1128 | 18 | 49 | 28 | 2 | 19 | 86 |
| LittleLyrical@ArfiTech | 19 | 49 | 28 | 1 | 20 | 85 |
| tresed@dnalsitresed | 20 | 49 | 26 | 6 | 17 | 84 |
| EZ@CDoubleH | 21 | 49 | 16 | 31 | 2 | 79 |
| Chess@rex0053 | 22 | 49 | 22 | 8 | 19 | 74 |
| Yabeunosem@minju8843 | 23 | 49 | 22 | 5 | 22 | 71 |
| Hangeul@dazzsoj | 24 | 49 | 22 | 3 | 24 | 69 |
| WinWin@ychaaaan | 25 | 49 | 21 | 5 | 23 | 68 |
| YonyT@alqmzhh92 | 26 | 49 | 20 | 7 | 22 | 67 |
| SpongeBob@sunjooahn | 27 | 49 | 19 | 8 | 22 | 65 |
| ◝(⁰▿⁰)◜@sara-k1m | 28 | 49 | 14 | 14 | 21 | 56 |
| XjaesugangX@sally1924 | 29 | 49 | 15 | 10 | 24 | 55 |
| AGANG@jbr1tr | 30 | 49 | 16 | 7 | 26 | 55 |
| ddubiddubap@wkdgnl123 | 31 | 49 | 14 | 12 | 23 | 54 |
| BBIBBI@Eunyoung1223 | 32 | 49 | 14 | 11 | 24 | 53 |
| True_Damage@maritajee | 33 | 49 | 15 | 8 | 26 | 53 |
| Stop@lkm778u | 34 | 49 | 15 | 7 | 27 | 52 |
| Numseil@Jeon-Minjeong | 35 | 49 | 15 | 6 | 28 | 51 |
| ionia@munyoubin | 36 | 49 | 15 | 2 | 32 | 47 |
| HICPT@seanlee5808 | 37 | 49 | 13 | 5 | 31 | 44 |
| NaDa@yjh9929 | 38 | 49 | 11 | 3 | 35 | 36 |
| coronaxxx@pjmkjjpk | 39 | 49 | 11 | 2 | 36 | 35 |
| dbsepf@skdbs | 40 | 49 | 10 | 3 | 36 | 33 |
| COINCIDENCE@tjgus6745 | 41 | 49 | 9 | 3 | 37 | 30 |
| KHH@kimhh2880 | 42 | 49 | 9 | 2 | 38 | 29 |
| aabbccdd@JIMINOFF | 43 | 49 | 8 | 2 | 39 | 26 |
| PuangTeam@Namkyunghun | 44 | 49 | 7 | 2 | 40 | 23 |
| RainbOw@HARY020 | 45 | 49 | 3 | 11 | 35 | 20 |
| Prism@eunyoungyi | 46 | 49 | 4 | 6 | 39 | 18 |
| MyTeam@jinupotato | 47 | 49 | 3 | 6 | 40 | 15 |
| 😎@dwgoon | 48 | 49 | 4 | 1 | 44 | 13 |
| 도곡동 솜주먹@smjeon2410 | 49 | 49 | 2 | 6 | 41 | 12 |
| MyTeam@bigoriginlee | 50 | 49 | 2 | 5 | 42 | 11 |