# Leaderboard
최종 업데이트: 2020년 12월 11일 03시 37분




| 참가자 | 순위 | 경기수 | 승 | 무 | 패 | 승점 |
|:---:|:---:|:---:|:---:|:---:|:---:|:---:|
| 👑@chxhyxn | 1 | 49 | 49 | 0 | 0 | 147 |
| **I'm not 1st**@NepleDev | 2 | 49 | 47 | 0 | 2 | 141 |
| @L-HK | 3 | 49 | 46 | 1 | 2 | 139 |
| newbie@gh-BumsooKim | 4 | 49 | 46 | 0 | 3 | 138 |
| 아 햄스터 너무 귀엽다@rakbin007 | 5 | 49 | 44 | 1 | 4 | 133 |
| CheckMate@imyoumin | 6 | 49 | 39 | 2 | 8 | 119 |
| I love Yale@RubADuckDuck | 7 | 49 | 39 | 2 | 8 | 119 |
| NOTEZ@nsssslllp | 8 | 49 | 39 | 1 | 9 | 118 |
| HUNGRY@sseong-mi | 9 | 49 | 39 | 1 | 9 | 118 |
| JongGang@michael01924 | 10 | 49 | 39 | 0 | 10 | 117 |
| SUPERULTRACAPSSHONGZZANG@dudcodi | 11 | 49 | 37 | 0 | 12 | 111 |
| KakaoBears@MaSeongHwan | 12 | 49 | 35 | 3 | 11 | 108 |
| junghu@songjunghu | 13 | 49 | 36 | 0 | 13 | 108 |
| EZ_PZ@TheAyzr | 14 | 49 | 35 | 0 | 14 | 105 |
| Roster@StackOut-K1m | 15 | 49 | 34 | 2 | 13 | 104 |
| LittleLyrical@ArfiTech | 16 | 49 | 28 | 3 | 18 | 87 |
| Vvs@artech2w | 17 | 49 | 28 | 3 | 18 | 87 |
| HSJTEAM@hsj1128 | 18 | 49 | 28 | 1 | 20 | 85 |
| Adventurer@Imhanbin123 | 19 | 49 | 26 | 4 | 19 | 82 |
| tresed@dnalsitresed | 20 | 49 | 25 | 6 | 18 | 81 |
| EZ@CDoubleH | 21 | 49 | 16 | 31 | 2 | 79 |
| chungang@suhwan01 | 22 | 49 | 23 | 4 | 22 | 73 |
| Chess@rex0053 | 23 | 49 | 21 | 6 | 22 | 69 |
| Yabeunosem@minju8843 | 24 | 49 | 20 | 8 | 21 | 68 |
| WinWin@ychaaaan | 25 | 49 | 20 | 7 | 22 | 67 |
| Hangeul@dazzsoj | 26 | 49 | 21 | 3 | 25 | 66 |
| YonyT@alqmzhh92 | 27 | 49 | 18 | 10 | 21 | 64 |
| SH_Team@sihumji00 | 28 | 49 | 20 | 3 | 26 | 63 |
| True_Damage@maritajee | 29 | 49 | 18 | 5 | 26 | 59 |
| Numseil@Jeon-Minjeong | 30 | 49 | 18 | 4 | 27 | 58 |
| Stop@lkm778u | 31 | 49 | 17 | 7 | 25 | 58 |
| SpongeBob@sunjooahn | 32 | 49 | 16 | 8 | 25 | 56 |
| ddubiddubap@wkdgnl123 | 33 | 49 | 15 | 10 | 24 | 55 |
| AGANG@jbr1tr | 34 | 49 | 15 | 6 | 28 | 51 |
| XjaesugangX@sally1924 | 35 | 49 | 13 | 12 | 24 | 51 |
| ionia@munyoubin | 36 | 49 | 15 | 3 | 31 | 48 |
| HICPT@seanlee5808 | 37 | 49 | 12 | 3 | 34 | 39 |
| coronaxxx@pjmkjjpk | 38 | 49 | 12 | 0 | 37 | 36 |
| MyTeam@yjh9929 | 39 | 49 | 10 | 4 | 35 | 34 |
| KHH@kimhh2880 | 40 | 49 | 10 | 2 | 37 | 32 |
| PuangTeam@Namkyunghun | 41 | 49 | 10 | 0 | 39 | 30 |
| dbsepf@skdbs | 42 | 49 | 8 | 4 | 37 | 28 |
| BBIBBI@Eunyoung1223 | 43 | 49 | 8 | 3 | 38 | 27 |
| COINCIDENCE@tjgus6745 | 44 | 49 | 8 | 3 | 38 | 27 |
| RainbOw@HARY020 | 45 | 49 | 4 | 13 | 32 | 25 |
| aabbccdd@JIMINOFF | 46 | 49 | 7 | 1 | 41 | 22 |
| Prism@eunyoungyi | 47 | 49 | 3 | 4 | 42 | 13 |
| 도곡동 솜주먹@smjeon2410 | 48 | 49 | 3 | 4 | 42 | 13 |
| MyTeam@jinupotato | 49 | 49 | 2 | 4 | 43 | 10 |
| 😎@dwgoon | 50 | 49 | 1 | 2 | 46 | 5 |