# Leaderboard
최종 업데이트: 2020년 12월 11일 03시 36분




| 참가자 | 순위 | 경기수 | 승 | 무 | 패 | 승점 |
|:---:|:---:|:---:|:---:|:---:|:---:|:---:|
| 👑@chxhyxn | 1 | 51 | 51 | 0 | 0 | 153 |
| **I'm 1st**@NepleDev | 2 | 51 | 49 | 0 | 2 | 147 |
| @L-HK | 3 | 51 | 48 | 1 | 2 | 145 |
| newbie@gh-BumsooKim | 4 | 51 | 48 | 0 | 3 | 144 |
| 아 햄스터 너무 귀엽다@rakbin007 | 5 | 51 | 46 | 1 | 4 | 139 |
| I love Yale@RubADuckDuck | 6 | 51 | 41 | 2 | 8 | 125 |
| HUNGRY@sseong-mi | 7 | 51 | 41 | 1 | 9 | 124 |
| JongGang@michael01924 | 8 | 51 | 41 | 1 | 9 | 124 |
| NOTEZ@nsssslllp | 9 | 51 | 41 | 1 | 9 | 124 |
| CheckMate@imyoumin | 10 | 51 | 40 | 3 | 8 | 123 |
| KakaoBears@MaSeongHwan | 11 | 51 | 37 | 3 | 11 | 114 |
| SUPERULTRACAPSSHONGZZANG@dudcodi | 12 | 51 | 38 | 0 | 13 | 114 |
| junghu@songjunghu | 13 | 51 | 37 | 0 | 14 | 111 |
| EZ_PZ@TheAyzr | 14 | 51 | 36 | 0 | 15 | 108 |
| Roster@StackOut-K1m | 15 | 51 | 35 | 1 | 15 | 106 |
| Adventurer@Imhanbin123 | 16 | 51 | 32 | 2 | 17 | 98 |
| Vvs@artech2w | 17 | 51 | 31 | 3 | 17 | 96 |
| tresed@dnalsitresed | 18 | 51 | 28 | 6 | 17 | 90 |
| HSJTEAM@hsj1128 | 19 | 51 | 29 | 2 | 20 | 89 |
| ChaBB@suewcho | 20 | 51 | 28 | 2 | 21 | 86 |
| EZ@CDoubleH | 21 | 51 | 16 | 33 | 2 | 81 |
| chungang@suhwan01 | 22 | 51 | 24 | 2 | 25 | 74 |
| Yabeunosem@minju8843 | 23 | 51 | 23 | 5 | 23 | 74 |
| Chess@rex0053 | 24 | 51 | 22 | 7 | 22 | 73 |
| YonyT@alqmzhh92 | 25 | 51 | 21 | 9 | 21 | 72 |
| LittleLyrical@ArfiTech | 26 | 51 | 21 | 8 | 22 | 71 |
| WinWin@ychaaaan | 27 | 51 | 21 | 8 | 22 | 71 |
| Hangeul@dazzsoj | 28 | 51 | 21 | 3 | 27 | 66 |
| SpongeBob@sunjooahn | 29 | 51 | 18 | 9 | 24 | 63 |
| ddubiddubap@wkdgnl123 | 30 | 51 | 18 | 7 | 26 | 61 |
| ◝(⁰▿⁰)◜@sara-k1m | 31 | 51 | 14 | 18 | 19 | 60 |
| SH_Team@sihumji00 | 32 | 51 | 19 | 3 | 29 | 60 |
| XjaesugangX@sally1924 | 33 | 51 | 16 | 9 | 26 | 57 |
| True_Damage@maritajee | 34 | 51 | 17 | 6 | 28 | 57 |
| AGANG@jbr1tr | 35 | 51 | 17 | 5 | 29 | 56 |
| ionia@munyoubin | 36 | 51 | 17 | 4 | 30 | 55 |
| Stop@lkm778u | 37 | 51 | 14 | 11 | 26 | 53 |
| HICPT@seanlee5808 | 38 | 51 | 13 | 3 | 35 | 42 |
| MyTeam@yjh9929 | 39 | 51 | 12 | 3 | 36 | 39 |
| KHH@kimhh2880 | 40 | 51 | 11 | 3 | 37 | 36 |
| coronaxxx@pjmkjjpk | 41 | 51 | 11 | 0 | 40 | 33 |
| COINCIDENCE@tjgus6745 | 42 | 51 | 9 | 5 | 37 | 32 |
| BBIBBI@Eunyoung1223 | 43 | 51 | 9 | 3 | 39 | 30 |
| aabbccdd@JIMINOFF | 44 | 51 | 9 | 3 | 39 | 30 |
| dbsepf@skdbs | 45 | 51 | 8 | 4 | 39 | 28 |
| PuangTeam@Namkyunghun | 46 | 51 | 9 | 1 | 41 | 28 |
| RainbOw@HARY020 | 47 | 51 | 4 | 13 | 34 | 25 |
| MyTeam@jinupotato | 48 | 51 | 3 | 6 | 42 | 15 |
| MyTeam@bigoriginlee | 49 | 51 | 3 | 6 | 42 | 15 |
| Prism@eunyoungyi | 50 | 51 | 2 | 8 | 41 | 14 |
| 도곡동 솜주먹@smjeon2410 | 51 | 51 | 2 | 7 | 42 | 13 |
| 😎@dwgoon | 52 | 51 | 4 | 1 | 46 | 13 |