# Leaderboard
최종 업데이트: 2020년 12월 11일 03시 16분




| 참가자 | 순위 | 경기수 | 승 | 무 | 패 | 승점 |
|:---:|:---:|:---:|:---:|:---:|:---:|:---:|
| 👑@chxhyxn | 1 | 51 | 51 | 0 | 0 | 153 |
| **I'm 1st**@NepleDev | 2 | 51 | 49 | 0 | 2 | 147 |
| @L-HK | 3 | 51 | 48 | 1 | 2 | 145 |
| newbie@gh-BumsooKim | 4 | 51 | 48 | 0 | 3 | 144 |
| 아 햄스터 너무 귀엽다@rakbin007 | 5 | 51 | 46 | 1 | 4 | 139 |
| CheckMate@imyoumin | 6 | 51 | 42 | 1 | 8 | 127 |
| I love Yale@RubADuckDuck | 7 | 51 | 41 | 2 | 8 | 125 |
| HUNGRY@sseong-mi | 8 | 51 | 41 | 1 | 9 | 124 |
| NOTEZ@nsssslllp | 9 | 51 | 41 | 1 | 9 | 124 |
| JongGang@michael01924 | 10 | 51 | 41 | 0 | 10 | 123 |
| SUPERULTRACAPSSHONGZZANG@dudcodi | 11 | 51 | 39 | 0 | 12 | 117 |
| KakaoBears@MaSeongHwan | 12 | 51 | 37 | 3 | 11 | 114 |
| EZ_PZ@TheAyzr | 13 | 51 | 37 | 0 | 14 | 111 |
| junghu@songjunghu | 14 | 51 | 36 | 0 | 15 | 108 |
| Roster@StackOut-K1m | 15 | 51 | 35 | 2 | 14 | 107 |
| Adventurer@Imhanbin123 | 16 | 51 | 29 | 4 | 18 | 91 |
| HSJTEAM@hsj1128 | 17 | 51 | 30 | 1 | 20 | 91 |
| Vvs@artech2w | 18 | 51 | 29 | 4 | 18 | 91 |
| tresed@dnalsitresed | 19 | 51 | 27 | 6 | 18 | 87 |
| ChaBB@suewcho | 20 | 51 | 28 | 2 | 21 | 86 |
| EZ@CDoubleH | 21 | 51 | 16 | 33 | 2 | 81 |
| chungang@suhwan01 | 22 | 51 | 23 | 6 | 22 | 75 |
| WinWin@ychaaaan | 23 | 51 | 22 | 8 | 21 | 74 |
| Chess@rex0053 | 24 | 51 | 20 | 9 | 22 | 69 |
| coronaxxx@pjmkjjpk | 25 | 51 | 23 | 0 | 28 | 69 |
| Yabeunosem@minju8843 | 26 | 51 | 20 | 9 | 22 | 69 |
| Hangeul@dazzsoj | 27 | 51 | 22 | 2 | 27 | 68 |
| Stop@lkm778u | 28 | 51 | 20 | 6 | 25 | 66 |
| YonyT@alqmzhh92 | 29 | 51 | 17 | 12 | 22 | 63 |
| AGANG@jbr1tr | 30 | 51 | 19 | 6 | 26 | 63 |
| KHH@kimhh2880 | 31 | 51 | 17 | 9 | 25 | 60 |
| ddubiddubap@wkdgnl123 | 32 | 51 | 16 | 12 | 23 | 60 |
| BBIBBI@Eunyoung1223 | 33 | 51 | 16 | 11 | 24 | 59 |
| SpongeBob@sunjooahn | 34 | 51 | 15 | 13 | 23 | 58 |
| ◝(⁰▿⁰)◜@sara-k1m | 35 | 51 | 12 | 22 | 17 | 58 |
| True_Damage@maritajee | 36 | 51 | 16 | 9 | 26 | 57 |
| XjaesugangX@sally1924 | 37 | 51 | 14 | 12 | 25 | 54 |
| ionia@munyoubin | 38 | 51 | 15 | 5 | 31 | 50 |
| HICPT@seanlee5808 | 39 | 51 | 13 | 6 | 32 | 45 |
| MyTeam@yjh9929 | 40 | 51 | 13 | 3 | 35 | 42 |
| PuangTeam@Namkyunghun | 41 | 51 | 12 | 0 | 39 | 36 |
| aabbccdd@JIMINOFF | 42 | 51 | 12 | 0 | 39 | 36 |
| dbsepf@skdbs | 43 | 51 | 10 | 4 | 37 | 34 |
| COINCIDENCE@tjgus6745 | 44 | 51 | 9 | 5 | 37 | 32 |
| RainbOw@HARY020 | 45 | 51 | 4 | 15 | 32 | 27 |
| LittleLyrical@ArfiTech | 46 | 51 | 6 | 2 | 43 | 20 |
| 😎@dwgoon | 47 | 51 | 4 | 2 | 45 | 14 |
| 도곡동 솜주먹@smjeon2410 | 48 | 51 | 2 | 6 | 43 | 12 |
| MyTeam@bigoriginlee | 49 | 51 | 2 | 6 | 43 | 12 |
| MyTeam@jinupotato | 50 | 51 | 1 | 8 | 42 | 11 |
| Prism@eunyoungyi | 51 | 51 | 1 | 6 | 44 | 9 |
| Asgardian@ParkJh38 | 52 | 51 | 0 | 2 | 49 | 2 |